10100000000111111111100000000000
10010000001111111111100000000000
10000000010000010000100000000000
10100100011000100000100000000000
10110000100000010001000000000000
10110000000000000000100000000000
10101000000000000000100000000000
10110000000000000000100000000000
10101000000000000001000000000000
10110000000000000000100000000000
10101000000000000001100000000000
10110000000000000000100000000000
10101000000000000010000000000000
01100111111000000000001111111100
10101000101001000000100000000000
10110000110000110000100000000000
10100100111000100010100000000000
10110001000000010001100000000000
10000001001001010010100000000000
10000101001010010000100000000000
10000001010000110011100000000000
10100101011010000001100000000000
10110001100001100101000000000000
10110101100011000100100000000000
10110000000000000000100000000000
10101000000000000010100000000000
10110000000000000000100000000000
10101000000000000011000000000000
10110000000000000000100000000000
10101000000000000011100000000000
10110000000000000000100000000000
10101000000000000100000000000000
10110000000000000000100000000000
10101000000000000100100000000000
10110000000000000000100000000000
10101000000000000101000000000000
10110000000000000000100000000000
10101000000000000101100000000000
10110000000000000000100000000000
10101000000000000110000000000000
01100111111000000000001111111100
10000001101001110011000000000000
10000001110010010010100000000000
10101001111010100010100000000000
10101010000011110011100000000000
10000010000100001000000000000000
10000010001001000110100000000000
10000010010011110111100000000000
10000110010100100110000000000000
10100110011100100000100000000000
10010110100100011001000000000000
10000010100100111010000000000000
10110000000000000000100000000000
10101000000000000110100000000000
10110000000000000000100000000000
10101000000000000111000000000000
10110000000000000000100000000000
10101000000000000111100000000000
10110000000000000000100000000000
10101000000000001000000000000000
10110000000000000000100000000000
10101000000000001000100000000000
10110000000000000000100000000000
10101000000000001001000000000000
10110000000000000000100000000000
10101000000000001001100000000000
10110000000000000000100000000000
10101000000000001010000000000000
01100111111000000000001111111100
10110010101100001010000000000000
10110010101101010011100000000000
10111010101101011010000000000000
10111010101101010100100000000000
10000110101100011010100000000000
10011010110100111010000000000000
10000010110101101010100000000000
10100110111101000001100000000000
10110011000001100001000000000000
10110011001001010001100000000000
10000111001110010111100000000000
10000111010001001100000000000000
10000111010001101101000000000000
10000011011011100110100000000000
10110011100110111101100000000000
10110111100111001101100000000000
10000011100000011110000000000000
10110011101011111011100000000000
10111011101111011011100000000000
10000011101111010111000000000000
10100011110111011110000000000000
10101011110111100001000000000000
10110000000000000000100000000000
10101000000000001010100000000000
10110000000000000000100000000000
10101000000000001011000000000000
10110000000000000000100000000000
10101000000000001011100000000000
10110000000000000000100000000000
10101000000000001100000000000000
10110000000000000000100000000000
10101000000000001100100000000000
10110000000000000000100000000000
10101000000000001101000000000000
10110000000000000000100000000000
10101000000000001101100000000000
10110000000000000000100000000000
10101000000000001110000000000000
10110000000000000000100000000000
10101000000000001110100000000000
10110000000000000000100000000000
10101000000000001111000000000000
01100111111000000000001111111100
11100100001111110000000000000011
11101000010000010000000000000100
11100100011000011111111111111111
11100000011000110000000000001111
11000000100000110000000000010000
10110000000000000000100000000000
10101000000000000000100000000000
10110000000000000000100000000000
10101000000000000001000000000000
10110000000000000000100000000000
10101000000000000001100000000000
10110000000000000000100000000000
10101000000000000010000000000000
01100111111000000000001111111100
11000100101000111111111111100000
11010000110001010000000000111111
11000000110001100000000001111110
11010100111001100000000010000000
11000100111001101111111100000010
11011001000111110000000000000111
11100101000010000000000111111110
11010001001010000000000111111110
11000001001010010000001111111111
11010101010010010000001111111110
11101001010010100000011111111111
11011001011010100000011111111110
11101001011010110000111111111111
11110001100010110000000000000001
11101001100011000000000000000001
10110000000000000000100000000000
10101000000000000010100000000000
10110000000000000000100000000000
10101000000000000011000000000000
10110000000000000000100000000000
10101000000000000011100000000000
10110000000000000000100000000000
10101000000000000100000000000000
10110000000000000000100000000000
10101000000000000100100000000000
10110000000000000000100000000000
10101000000000000101000000000000
10110000000000000000100000000000
10101000000000000101100000000000
10110000000000000000100000000000
10101000000000000110000000000000
01100111111000000000001111111100
11000001101111101111111111111111
11110101101011010000000000010010
11000001110011010100000000000000
11000001111011100000000000000001
11000001111011110111111111111111
11000010000111101111111111111111
11110110000100000000000000001111
11000110001111110100000000000000
11110110001100010000000000001110
11110010010100010000000000000001
11000010010100100000000000000001
11110010011100100000000000000001
11000010011100110000000000000001
10110000000000000000100000000000
10101000000000000110100000000000
10110000000000000000100000000000
10101000000000000111000000000000
10110000000000000000100000000000
10101000000000000111100000000000
10110000000000000000100000000000
10101000000000001000000000000000
10110000000000000000100000000000
10101000000000001000100000000000
10110000000000000000100000000000
10101000000000001001000000000000
10110000000000000000100000000000
10101000000000001001100000000000
10110000000000000000100000000000
10101000000000001010000000000000
01100111111000000000001111111100
11000110100111110000000000000001
11111010100101000000000000011111
11110110100101000000000000001011
11111010101101000000000000001100
11110010101101010000000000001101
11000010101101010001111111111111
11100010110101001111111111111111
11110010110101100000000000000001
11000010110101100000000000000001
11110010111101100000000000000001
11000110111101101111111111111111
11100111000111110000001111111111
11110011000110000000000000001111
11101011000110000111111111111111
11000111001111110000000000000001
11110111001110010000000000000110
11000111010111110000000000000001
11110111010110100000000000000101
11000111011111110000000000000001
11110111011110110000000000000100
11000111100111110000000000000001
11110111100111000000000000000011
11000111101111110000000000000001
11110111101111010000000000000010
11000111110111110000000000000001
11110111110111100000000000000001
10110000000000000000100000000000
10101000000000001010100000000000
10110000000000000000100000000000
10101000000000001011000000000000
10110000000000000000100000000000
10101000000000001011100000000000
10110000000000000000100000000000
10101000000000001100000000000000
10110000000000000000100000000000
10101000000000001100100000000000
10110000000000000000100000000000
10101000000000001101000000000000
10110000000000000000100000000000
10101000000000001101100000000000
10110000000000000000100000000000
10101000000000001110000000000000
10110000000000000000100000000000
10101000000000001110100000000000
10110000000000000000100000000000
10101000000000001111000000000000
01100111111000000000001111111100
01100000010111110000000000000000
10110000000000000000100000000000
10101000000000000001000000000000
01100000011000010000000000000101
10110000000000000000100000000000
10101000000000000001100000000000
01100111111000000000001111111100
10000011111111111111100000000000
10000011111111111111100000000000
10000011111111111111100000000000
10000011111111111111100000000000
10000011111111111111100000000000
10000011111111111111100000000000
10000011111111111111100000000000
10000011111111111111100000000000
10000011111111111111100000000000
10000011111111111111100000000000
10000011111111111111100000000000
10000011111111111111100000000000
10000011111111111111100000000000
