00000111011111011111000000000000
00000111011111111111000000000000
00000110111111111110000000000000
00001100001111100000000000000000
00000111011111111111111111111111
00001101000000011110000000000000
00000111011111100000000000000000
00001000000000011110111110000000
00000111011111111111111111111111
00001100000000100001000000000000
00000110111111111110000000000000
00000111100000011111111111111111
00001101000000011111000000000000
00000111010000000000111111111111
00001101100000011111000000000000
00000111010000000000111111111111
00001101010000011111000000000000
00000111010000000000111111111111
00001101000000011111111111111111
00000111100000000000111111111110
00001101100000011111111111111111
00000111100000000000111111111110
00001101010000011111111111111111
00000111100000000000111111111110
00001100000000111111000000000000
00001111000000100001000000000001
00001100010001000001000000000000
00001010010001100001000100000000
00001101000001100011111111111111
00000111010000000011111111111110
00001001100001100001000100000000
00000111010000000011111111111110
00001001100001100010000010000000
00000111100000000011111111111110
00001000000000011111111110000000
00000111100000000000111111111101
00001100000000011111000000000000
00000111100000000000111111111101
00001100000000011111000000000000
00001100000000111111000000000000
00001100000001011111000000000000
00001100000001111111000000000000
00001100000010011111000000000000
00001100000010111111000000000000
00001100000011011111000000000000
00001100000011111111000000000000
00001100000100011111000000000000
00001100000100111111000000000000
00001100000101011111000000000000
00001100000101111111000000000000
00001100000110011111000000000000
00001100000110111111000000000000
00001100000111011111000000000000
00001100000111111111000000000000
00001100001000011111000000000001
00001100001000111111000000000001
00001100001001011111000000000001
00001100001001111111000000000001
00001100001010011111000000000001
00001100001010111111000000000001
00001100001011011111000000000001
00001100001011111111000000000001
00001100001100011111000000000001
00001100001100111111000000000001
00001100001101011111000000000001
00001100001101111111000000000001
00001100001110011111000000000001
00001100001110111111000000000001
00001100001111011111000000000001
00001100001111111111000000000001
00001101000000000000000000000000
00000111010000000000111111111011
00001101000000000001000000000000
00000111010000000000111111111011
00001101000000000010000000000000
00000111010000000000111111111011
00001101000000000011000000000000
00000111010000000000111111111011
00001101000000000100000000000000
00000111010000000000111111111011
00001101000000000101000000000000
00000111010000000000111111111011
00001101000000000110000000000000
00000111010000000000111111111010
00001101000000000111000000000000
00000111010000000000111111111010
00001101000000001000000000000000
00000111010000000000111111111010
00001101000000001001000000000000
00000111010000000000111111111010
00001101000000001010000000000000
00000111010000000000111111111010
00001101000000001011000000000000
00000111010000000000111111111010
00001101000000001100000000000000
00000111010000000000111111111010
00001101000000001101000000000000
00000111010000000000111111111010
00001101000000001110000000000000
00000111010000000000111111111001
00001101000000001111000000000000
00000111010000000000111111111001
00001101000000010000000000000001
00000111010000000000111111111001
00001101000000010001000000000001
00000111010000000000111111111001
00001101000000010010000000000001
00000111010000000000111111111001
00001101000000010011000000000001
00000111010000000000111111111001
00001101000000010100000000000001
00000111010000000000111111111001
00001101000000010101000000000001
00000111010000000000111111111001
00001101000000010110000000000001
00000111010000000000111111111000
00001101000000010111000000000001
00000111010000000000111111111000
00001101000000011000000000000001
00000111010000000000111111111000
00001101000000011001000000000001
00000111010000000000111111111000
00001101000000011010000000000001
00000111010000000000111111111000
00001101000000011011000000000001
00000111010000000000111111111000
00001101000000011100000000000001
00000111010000000000111111111000
00001101000000011101000000000001
00000111010000000000111111111000
00001101000000011110000000000001
00000111010000000000111111110111
00000111100000011111111111110111
00001100001000111111000000100010
00001111000000100001000000000001
00001010011000100001100010000000
00000110111110010001000000000000
00000111010000011111111111110111
00001111001110011100000000000000
00001111011110011100000000000000
00001101001011111100000000100010
00000111010000010111111111110111
00000111111100011111000000000110
00000111111100111111000000000110
00001000001101011000110010000000
00001101001101111010111111111111
00000111010000011011111111110111
00001000001101011000110000000000
00001000011101011010110010000000
00001101001101111010111111111111
00000111010000011011111111110110
00001000001101011001110010000000
00001000011101011010110000000000
00000111100000011010111111110110
00001100001000111111000000000000
00001100011001010001000000000000
00000111100000010010111111110110
00001100000101111111000011110000
00001100000110011111011111110000
00001010000110101011011000000000
00001101000111001101000011110000
00000111010000001110111111110110
00001010010110101011011000000000
00001101000111001101011111110000
00000111010000001110111111110101
00001010100110101011011000000000
00001101000111001101011100000000
00000111010000001110111111110101
00001100001101111111000000000000
00001111001110011011000000000010
00001101001110111100000000000000
00000111010000011101111111110101
00001111001110011011000000000001
00001111101101011100000000000001
00001101001100111010110000000000
00000111010000011001111111110101
00001111011101011100000000000001
00001101001100111010010000000000
00000111010000011001111111110101
00001100001111011111000000000000
00001100000000111111000000000000
00000010000000000000000000000000
00001111001111011110000000000000
00001111011111011110000000000000
00001101000000011110000000101101
00000111010000000000111111110100
00000110100000000000000000000000
00000111000000000000000000000000
00001001110000000000000000000000
00001010110000000000000000000000
00001011110000000000000000000000
00001101110000000000000000000000
00001110110000000000000000000000
00001111110000000000000000000000
00001101000000000001000000000000
00000111010000000000111111110011
00001100000010011111000000111101
00000111110100111111000000000010
00001110100000001001111111111111
00000110010000000100000000000000
00000110010000011111000000111101
00000110010000000100000000000000
00000110010000011111000000111110
00000110000011000100000000000000
00000111110010111111000000000010
00001001000000000110001010000000
00000111010000000000111111110011
00000110000011111111000000111101
00001001000000000111001010000000
00000111010000000000111111110011
00000110000100000100000000000000
00001001000000001000001010000000
00000111010000000000111111110010
00000110000100111111000000111110
00001001000000001001001010000000
00000111010000000000111111110010
00001000000000011111101000000000
00001000000000100000000000000000
00001000000001000000000000000000
00001000000001100000000000000000
00001000000010000000000000000000
00001000000010100001000100000000
00001000000010100011001010000000
00001000000010100100001010000000
00001101000000000101000000001010
00000111010000000000111111110010
00000111100000011111000000000000
00001000000000100000000000000000
00001000000001000000000000000000
00001000000001100000000000000000
00001000000010000000000000000000
00001000000010100001000100000000
00001000000010100011001010000000
00001000000010100100001010000000
00001101000000000101000111000110
00000111010000000000111111110001
00001100000000011111000000111011
00000110111111100000000000000000
00000111010000011111111111110001
00001101000000011110000000111011
00000111010000000000111111110001
00001100001111111111000000000000
00000111011111111111111111111111
00001010101010101010101010101010
00000101010101010101010101010101
00000000000000000000000000000000
00000000000000000000000000000000
00000000000000000000000000000000
00000000000000000000000000000000
