000000000
000000001
000000010
000000011
000000100
000000101
000000110
000000111
000001000
000001001
000001010
000001011
000001100
000010000
000010001
000010010
000010011
000010100
000010101
000010110
000010111
000011000
000011001
000011010
000011011
000011100
000100000
000100001
000100010
000100011
000100100
000100101
000100110
000100111
000101000
000101001
000101010
000101011
000101100
000110000
000110001
000110010
000110011
000110100
000110101
000110110
000110111
000111000
000111001
000111010
000111011
000111100
001000000
001000001
001000010
001000011
001000100
001000101
001000110
001000111
001001000
001001001
001001010
001001011
001001100
001010000
001010001
001010010
001010011
001010100
001010101
001010110
001010111
001011000
001011001
001011010
001011011
001011100
001100000
001100001
001100010
001100011
001100100
001100101
001100110
001100111
001101000
001101001
001101010
001101011
001101100
001110000
001110001
001110010
001110011
001110100
001110101
001110110
001110111
001111000
001111001
001111010
001111011
001111100
010000000
010000001
010000010
010000011
010000100
010000101
010000110
010000111
010001000
010001001
010001010
010001011
010001100
010010000
010010001
010010010
010010011
010010100
010010101
010010110
010010111
010011000
010011001
010011010
010011011
010011100
010100000
010100001
010100010
010100011
010100100
010100101
010100110
010100111
010101000
010101001
010101010
010101011
010101100
010110000
010110001
010110010
010110011
010110100
010110101
010110110
010110111
010111000
010111001
010111010
010111011
010111100
011000000
011000001
011000010
011000011
011000100
011000101
011000110
011000111
011001000
011001001
011001010
011001011
011001100
011010000
011010001
011010010
011010011
011010100
011010101
011010110
011010111
011011000
011011001
011011010
011011011
011011100
011100000
011100001
011100010
011100011
011100100
011100101
011100110
011100111
011101000
011101001
011101010
011101011
011101100
011110000
011110001
011110010
011110011
011110100
011110101
011110110
011110111
011111000
011111001
011111010
011111011
011111100
100000000
100000001
100000010
100000011
100000100
100000101
100000110
100000111
100001000
100001001
100001010
100001011
100001100
100010000
100010001
100010010
100010011
100010100
100010101
100010110
100010111
100011000
100011001
100011010
100011011
100011100
100100000
100100001
100100010
100100011
100100100
100100101
100100110
100100111
100101000
100101001
100101010
100101011
100101100
100110000
100110001
100110010
100110011
100110100
100110101
100110110
100110111
100111000
