01000010
01010010
01001011
00100000
01100010
00100000
00100000
00100000
01001111
01010010
01000001
00100000
00101000
01100100
01011000
00101001
00110000
00110010
00100000
00100000
00100000
00100000
00100000
00100000
00110000
00110011
00100000
00100000
00100000
00100000
00100000
00100000
00110000
00110100
00100000
00100000
00100000
00100000
00100000
00100000
01001111
01010010
01000001
00100000
01100100
00100000
00100000
00100000
01000001
01010011
01001100
00100000
01100100
00100000
00100000
00100000
00110000
00110111
00100000
00100000
00100000
00100000
00100000
00100000
01010000
01001000
01010000
00100000
00100000
00100000
00100000
00100000
01001111
01010010
01000001
00100000
00100011
00100000
00100000
00100000
01000001
01010011
01001100
00100000
01000001
00100000
00100000
00100000
00110000
01000010
00100000
00100000
00100000
00100000
00100000
00100000
00110000
01000011
00100000
00100000
00100000
00100000
00100000
00100000
01001111
01010010
01000001
00100000
01100001
00100000
00100000
00100000
01000001
01010011
01001100
00100000
01100001
00100000
00100000
00100000
00110000
01000110
00100000
00100000
00100000
00100000
00100000
00100000
01000010
01010000
01001100
00100000
01110010
00100000
00100000
00100000
01001111
01010010
01000001
00100000
00101000
01100100
00101001
01011001
00110001
00110010
00100000
00100000
00100000
00100000
00100000
00100000
00110001
00110011
00100000
00100000
00100000
00100000
00100000
00100000
00110001
00110100
00100000
00100000
00100000
00100000
00100000
00100000
01001111
01010010
01000001
00100000
01100100
00101100
01011000
00100000
01000001
01010011
01001100
00100000
01100100
00101100
01011000
00100000
00110001
00110111
00100000
00100000
00100000
00100000
00100000
00100000
01000011
01001100
01000011
00100000
00100000
00100000
00100000
00100000
01001111
01010010
01000001
00100000
01100001
00101100
01011001
00100000
00110001
01000001
00100000
00100000
00100000
00100000
00100000
00100000
00110001
01000010
00100000
00100000
00100000
00100000
00100000
00100000
00110001
01000011
00100000
00100000
00100000
00100000
00100000
00100000
01001111
01010010
01000001
00100000
01100001
00101100
01011000
00100000
01000001
01010011
01001100
00100000
01100001
00101100
01011000
00100000
00110001
01000110
00100000
00100000
00100000
00100000
00100000
00100000
01001010
01010011
01010010
00100000
01100001
00100000
00100000
00100000
01000001
01001110
01000100
00100000
00101000
01100100
01011000
00101001
00110010
00110010
00100000
00100000
00100000
00100000
00100000
00100000
00110010
00110011
00100000
00100000
00100000
00100000
00100000
00100000
01000010
01001001
01010100
00100000
01100100
00100000
00100000
00100000
01000001
01001110
01000100
00100000
01100100
00100000
00100000
00100000
01010010
01001111
01001100
00100000
01100100
00100000
00100000
00100000
00110010
00110111
00100000
00100000
00100000
00100000
00100000
00100000
01010000
01001100
01010000
00100000
00100000
00100000
00100000
00100000
01000001
01001110
01000100
00100000
00100011
00100000
00100000
00100000
01010010
01001111
01001100
00100000
01000001
00100000
00100000
00100000
00110010
01000010
00100000
00100000
00100000
00100000
00100000
00100000
01000010
01001001
01010100
00100000
01100001
00100000
00100000
00100000
01000001
01001110
01000100
00100000
01100001
00100000
00100000
00100000
01010010
01001111
01001100
00100000
01100001
00100000
00100000
00100000
00110010
01000110
00100000
00100000
00100000
00100000
00100000
00100000
01000010
01001101
01001001
00100000
01110010
00100000
00100000
00100000
01000001
01001110
01000100
00100000
00101000
01100100
00101001
01011001
00110011
00110010
00100000
00100000
00100000
00100000
00100000
00100000
00110011
00110011
00100000
00100000
00100000
00100000
00100000
00100000
00110011
00110100
00100000
00100000
00100000
00100000
00100000
00100000
01000001
01001110
01000100
00100000
01100100
00101100
01011000
00100000
01010010
01001111
01001100
00100000
01100100
00101100
01011000
00100000
00110011
00110111
00100000
00100000
00100000
00100000
00100000
00100000
01010011
01000101
01000011
00100000
00100000
00100000
00100000
00100000
01000001
01001110
01000100
00100000
01100001
00101100
01011001
00100000
00110011
01000001
00100000
00100000
00100000
00100000
00100000
00100000
00110011
01000010
00100000
00100000
00100000
00100000
00100000
00100000
00110011
01000011
00100000
00100000
00100000
00100000
00100000
00100000
01000001
01001110
01000100
00100000
01100001
00101100
01011000
00100000
01010010
01001111
01001100
00100000
01100001
00101100
01011000
00100000
00110011
01000110
00100000
00100000
00100000
00100000
00100000
00100000
01010010
01010100
01001001
00100000
00100000
00100000
00100000
00100000
01000101
01001111
01010010
00100000
00101000
01100100
01011000
00101001
00110100
00110010
00100000
00100000
00100000
00100000
00100000
00100000
00110100
00110011
00100000
00100000
00100000
00100000
00100000
00100000
00110100
00110100
00100000
00100000
00100000
00100000
00100000
00100000
01000101
01001111
01010010
00100000
01100100
00100000
00100000
00100000
01001100
01010011
01010010
00100000
01100100
00100000
00100000
00100000
00110100
00110111
00100000
00100000
00100000
00100000
00100000
00100000
01010000
01001000
01000001
00100000
00100000
00100000
00100000
00100000
01000101
01001111
01010010
00100000
00100011
00100000
00100000
00100000
01001100
01010011
01010010
00100000
01000001
00100000
00100000
00100000
00110100
01000010
00100000
00100000
00100000
00100000
00100000
00100000
01001010
01001101
01010000
00100000
01100001
00100000
00100000
00100000
01000101
01001111
01010010
00100000
01100001
00100000
00100000
00100000
01001100
01010011
01010010
00100000
01100001
00100000
00100000
00100000
00110100
01000110
00100000
00100000
00100000
00100000
00100000
00100000
01000010
01010110
01000011
00100000
01110010
00100000
00100000
00100000
01000101
01001111
01010010
00100000
00101000
01100100
00101001
01011001
00110101
00110010
00100000
00100000
00100000
00100000
00100000
00100000
00110101
00110011
00100000
00100000
00100000
00100000
00100000
00100000
00110101
00110100
00100000
00100000
00100000
00100000
00100000
00100000
01000101
01001111
01010010
00100000
01100100
00101100
01011000
00100000
01001100
01010011
01010010
00100000
01100100
00101100
01011000
00100000
00110101
00110111
00100000
00100000
00100000
00100000
00100000
00100000
01000011
01001100
01001001
00100000
00100000
00100000
00100000
00100000
01000101
01001111
01010010
00100000
01100001
00101100
01011001
00100000
00110101
01000001
00100000
00100000
00100000
00100000
00100000
00100000
00110101
01000010
00100000
00100000
00100000
00100000
00100000
00100000
00110101
01000011
00100000
00100000
00100000
00100000
00100000
00100000
01000101
01001111
01010010
00100000
01100001
00101100
01011000
00100000
01001100
01010011
01010010
00100000
01100001
00101100
01011000
00100000
00110101
01000110
00100000
00100000
00100000
00100000
00100000
00100000
01010010
01010100
01010011
00100000
00100000
00100000
00100000
00100000
01000001
01000100
01000011
00100000
00101000
01100100
01011000
00101001
00110110
00110010
00100000
00100000
00100000
00100000
00100000
00100000
00110110
00110011
00100000
00100000
00100000
00100000
00100000
00100000
00110110
00110100
00100000
00100000
00100000
00100000
00100000
00100000
01000001
01000100
01000011
00100000
01100100
00100000
00100000
00100000
01010010
01001111
01010010
00100000
01100100
00100000
00100000
00100000
00110110
00110111
00100000
00100000
00100000
00100000
00100000
00100000
01010000
01001100
01000001
00100000
00100000
00100000
00100000
00100000
01000001
01000100
01000011
00100000
00100011
00100000
00100000
00100000
01010010
01001111
01010010
00100000
01000001
00100000
00100000
00100000
00110110
01000010
00100000
00100000
00100000
00100000
00100000
00100000
01001010
01001101
01010000
00100000
00101000
01100001
00101001
00100000
01000001
01000100
01000011
00100000
01100001
00100000
00100000
00100000
01010010
01001111
01010010
00100000
01100001
00100000
00100000
00100000
00110110
01000110
00100000
00100000
00100000
00100000
00100000
00100000
01000010
01010110
01010011
00100000
01110010
00100000
00100000
00100000
01000001
01000100
01000011
00100000
00101000
01100100
00101001
01011001
00110111
00110010
00100000
00100000
00100000
00100000
00100000
00100000
00110111
00110011
00100000
00100000
00100000
00100000
00100000
00100000
00110111
00110100
00100000
00100000
00100000
00100000
00100000
00100000
01000001
01000100
01000011
00100000
01100100
00101100
01011000
00100000
01010010
01001111
01010010
00100000
01100100
00101100
01011000
00100000
00110111
00110111
00100000
00100000
00100000
00100000
00100000
00100000
01010011
01000101
01001001
00100000
00100000
00100000
00100000
00100000
01000001
01000100
01000011
00100000
01100001
00101100
01011001
00100000
00110111
01000001
00100000
00100000
00100000
00100000
00100000
00100000
00110111
01000010
00100000
00100000
00100000
00100000
00100000
00100000
00110111
01000011
00100000
00100000
00100000
00100000
00100000
00100000
01000001
01000100
01000011
00100000
01100001
00101100
01011000
00100000
01010010
01001111
01010010
00100000
01100001
00101100
01011000
00100000
00110111
01000110
00100000
00100000
00100000
00100000
00100000
00100000
00111000
00110000
00100000
00100000
00100000
00100000
00100000
00100000
01010011
01010100
01000001
00100000
00101000
01100100
01011000
00101001
00111000
00110010
00100000
00100000
00100000
00100000
00100000
00100000
00111000
00110011
00100000
00100000
00100000
00100000
00100000
00100000
01010011
01010100
01011001
00100000
01100100
00100000
00100000
00100000
01010011
01010100
01000001
00100000
01100100
00100000
00100000
00100000
01010011
01010100
01011000
00100000
01100100
00100000
00100000
00100000
00111000
00110111
00100000
00100000
00100000
00100000
00100000
00100000
01000100
01000101
01011001
00100000
00100000
00100000
00100000
00100000
00111000
00111001
00100000
00100000
00100000
00100000
00100000
00100000
01010100
01011000
01000001
00100000
00100000
00100000
00100000
00100000
00111000
01000010
00100000
00100000
00100000
00100000
00100000
00100000
01010011
01010100
01011001
00100000
01100001
00100000
00100000
00100000
01010011
01010100
01000001
00100000
01100001
00100000
00100000
00100000
01010011
01010100
01011000
00100000
01100001
00100000
00100000
00100000
00111000
01000110
00100000
00100000
00100000
00100000
00100000
00100000
01000010
01000011
01000011
00100000
01110010
00100000
00100000
00100000
01010011
01010100
01000001
00100000
00101000
01100100
00101001
01011001
00111001
00110010
00100000
00100000
00100000
00100000
00100000
00100000
00111001
00110011
00100000
00100000
00100000
00100000
00100000
00100000
01010011
01010100
01011001
00100000
01100100
00101100
01011000
00100000
01010011
01010100
01000001
00100000
01100100
00101100
01011000
00100000
01010011
01010100
01011000
00100000
01100100
00101100
01011001
00100000
00111001
00110111
00100000
00100000
00100000
00100000
00100000
00100000
01010100
01011001
01000001
00100000
00100000
00100000
00100000
00100000
01010011
01010100
01000001
00100000
01100001
00101100
01011001
00100000
01010100
01011000
01010011
00100000
00100000
00100000
00100000
00100000
00111001
01000010
00100000
00100000
00100000
00100000
00100000
00100000
00111001
01000011
00100000
00100000
00100000
00100000
00100000
00100000
01010011
01010100
01000001
00100000
01100001
00101100
01011000
00100000
00111001
01000101
00100000
00100000
00100000
00100000
00100000
00100000
00111001
01000110
00100000
00100000
00100000
00100000
00100000
00100000
01001100
01000100
01011001
00100000
00100011
00100000
00100000
00100000
01001100
01000100
01000001
00100000
00101000
01100100
01011000
00101001
01001100
01000100
01011000
00100000
00100011
00100000
00100000
00100000
01000001
00110011
00100000
00100000
00100000
00100000
00100000
00100000
01001100
01000100
01011001
00100000
01100100
00100000
00100000
00100000
01001100
01000100
01000001
00100000
01100100
00100000
00100000
00100000
01001100
01000100
01011000
00100000
01100100
00100000
00100000
00100000
01000001
00110111
00100000
00100000
00100000
00100000
00100000
00100000
01010100
01000001
01011001
00100000
00100000
00100000
00100000
00100000
01001100
01000100
01000001
00100000
00100011
00100000
00100000
00100000
01010100
01000001
01011000
00100000
00100000
00100000
00100000
00100000
01000001
01000010
00100000
00100000
00100000
00100000
00100000
00100000
01001100
01000100
01011001
00100000
01100001
00100000
00100000
00100000
01001100
01000100
01000001
00100000
01100001
00100000
00100000
00100000
01001100
01000100
01011000
00100000
01100001
00100000
00100000
00100000
01000001
01000110
00100000
00100000
00100000
00100000
00100000
00100000
01000010
01000011
01010011
00100000
01110010
00100000
00100000
00100000
01001100
01000100
01000001
00100000
00101000
01100100
00101001
01011001
01000010
00110010
00100000
00100000
00100000
00100000
00100000
00100000
01000010
00110011
00100000
00100000
00100000
00100000
00100000
00100000
01001100
01000100
01011001
00100000
01100100
00101100
01011000
00100000
01001100
01000100
01000001
00100000
01100100
00101100
01011000
00100000
01001100
01000100
01011000
00100000
01100100
00101100
01011001
00100000
01000010
00110111
00100000
00100000
00100000
00100000
00100000
00100000
01000011
01001100
01010110
00100000
00100000
00100000
00100000
00100000
01001100
01000100
01000001
00100000
01100001
00101100
01011001
00100000
01010100
01010011
01011000
00100000
00100000
00100000
00100000
00100000
01000010
01000010
00100000
00100000
00100000
00100000
00100000
00100000
01001100
01000100
01011001
00100000
01100001
00101100
01011000
00100000
01001100
01000100
01000001
00100000
01100001
00101100
01011000
00100000
01001100
01000100
01011000
00100000
01100001
00101100
01011001
00100000
01000010
01000110
00100000
00100000
00100000
00100000
00100000
00100000
01000011
01010000
01011001
00100000
00100011
00100000
00100000
00100000
01000011
01001101
01010000
00100000
00101000
01100100
01011000
00101001
01000011
00110010
00100000
00100000
00100000
00100000
00100000
00100000
01000011
00110011
00100000
00100000
00100000
00100000
00100000
00100000
01000011
01010000
01011001
00100000
01100100
00100000
00100000
00100000
01000011
01001101
01010000
00100000
01100100
00100000
00100000
00100000
01000100
01000101
01000011
00100000
01100100
00100000
00100000
00100000
01000011
00110111
00100000
00100000
00100000
00100000
00100000
00100000
01001001
01001110
01011001
00100000
00100000
00100000
00100000
00100000
01000011
01001101
01010000
00100000
00100011
00100000
00100000
00100000
01000100
01000101
01011000
00100000
00100000
00100000
00100000
00100000
01000011
01000010
00100000
00100000
00100000
00100000
00100000
00100000
01000011
01010000
01011001
00100000
01100001
00100000
00100000
00100000
01000011
01001101
01010000
00100000
01100001
00100000
00100000
00100000
01000100
01000101
01000011
00100000
01100001
00100000
00100000
00100000
01000011
01000110
00100000
00100000
00100000
00100000
00100000
00100000
01000010
01001110
01000101
00100000
01110010
00100000
00100000
00100000
01000011
01001101
01010000
00100000
00101000
01100100
00101001
01011001
01000100
00110010
00100000
00100000
00100000
00100000
00100000
00100000
01000100
00110011
00100000
00100000
00100000
00100000
00100000
00100000
01000100
00110100
00100000
00100000
00100000
00100000
00100000
00100000
01000011
01001101
01010000
00100000
01100100
00101100
01011000
00100000
01000100
01000101
01000011
00100000
01100100
00101100
01011000
00100000
01000100
00110111
00100000
00100000
00100000
00100000
00100000
00100000
01000011
01001100
01000100
00100000
00100000
00100000
00100000
00100000
01000011
01001101
01010000
00100000
01100001
00101100
01011001
00100000
01000100
01000001
00100000
00100000
00100000
00100000
00100000
00100000
01000100
01000010
00100000
00100000
00100000
00100000
00100000
00100000
01000100
01000011
00100000
00100000
00100000
00100000
00100000
00100000
01000011
01001101
01010000
00100000
01100001
00101100
01011000
00100000
01000100
01000101
01000011
00100000
01100001
00101100
01011000
00100000
01000100
01000110
00100000
00100000
00100000
00100000
00100000
00100000
01000011
01010000
01011000
00100000
00100011
00100000
00100000
00100000
01010011
01000010
01000011
00100000
00101000
01100100
01011000
00101001
01000101
00110010
00100000
00100000
00100000
00100000
00100000
00100000
01000101
00110011
00100000
00100000
00100000
00100000
00100000
00100000
01000011
01010000
01011000
00100000
01100100
00100000
00100000
00100000
01010011
01000010
01000011
00100000
01100100
00100000
00100000
00100000
01001001
01001110
01000011
00100000
01100100
00100000
00100000
00100000
01000101
00110111
00100000
00100000
00100000
00100000
00100000
00100000
01001001
01001110
01011000
00100000
00100000
00100000
00100000
00100000
01010011
01000010
01000011
00100000
00100011
00100000
00100000
00100000
01001110
01001111
01010000
00100000
00100000
00100000
00100000
00100000
01000101
01000010
00100000
00100000
00100000
00100000
00100000
00100000
01000011
01010000
01011000
00100000
01100001
00100000
00100000
00100000
01010011
01000010
01000011
00100000
01100001
00100000
00100000
00100000
01001001
01001110
01000011
00100000
01100001
00100000
00100000
00100000
01000101
01000110
00100000
00100000
00100000
00100000
00100000
00100000
01000010
01000101
01010001
00100000
01110010
00100000
00100000
00100000
01010011
01000010
01000011
00100000
00101000
01100100
00101001
01011001
01000110
00110010
00100000
00100000
00100000
00100000
00100000
00100000
01000110
00110011
00100000
00100000
00100000
00100000
00100000
00100000
01000110
00110100
00100000
00100000
00100000
00100000
00100000
00100000
01010011
01000010
01000011
00100000
01100100
00101100
01011000
00100000
01001001
01001110
01000011
00100000
01100100
00101100
01011000
00100000
01000110
00110111
00100000
00100000
00100000
00100000
00100000
00100000
01010011
01000101
01000100
00100000
00100000
00100000
00100000
00100000
01010011
01000010
01000011
00100000
01100001
00101100
01011001
00100000
01000110
01000001
00100000
00100000
00100000
00100000
00100000
00100000
01000110
01000010
00100000
00100000
00100000
00100000
00100000
00100000
01000110
01000011
00100000
00100000
00100000
00100000
00100000
00100000
01010011
01000010
01000011
00100000
01100001
00101100
01011000
00100000
01001001
01001110
01000011
00100000
01100001
00101100
01011000
00100000
01000110
01000110
00100000
00100000
00100000
00100000
00100000
00100000
