00
00
00
00
00
00
00
00
00
00
00
00
00
00
00
00
00
00
00
00
00
00
00
00
00
00
00
00
00
00
00
00
00
00
00
00
00
00
00
00
00
00
00
00
00
00
00
00
00
00
00
00
00
00
00
00
00
00
00
00
00
00
00
00
00
00
00
00
00
00
00
00
00
00
00
00
00
00
00
00
00
00
00
00
00
00
00
00
00
00
00
00
00
00
00
00
00
00
00
00
00
00
00
00
00
00
00
00
00
00
00
00
00
00
00
00
00
00
00
00
00
00
00
00
00
00
00
00
00
00
00
00
00
00
00
00
00
00
00
00
00
00
00
00
00
00
00
00
00
00
00
00
00
00
00
00
00
00
00
00
00
00
00
00
00
00
00
00
00
00
00
00
00
00
00
00
00
00
00
00
00
00
00
00
00
00
00
00
00
00
00
00
00
00
00
00
00
00
00
00
00
00
00
00
00
00
00
00
00
00
00
00
00
00
00
00
00
00
00
00
00
00
00
00
00
00
00
00
00
00
00
00
00
00
00
00
00
00
00
00
00
00
00
00
00
00
00
00
00
00
00
00
00
00
00
00
00
00
00
00
00
00
00
00
18
3C
3C
18
18
00
18
00
36
36
00
00
00
00
00
00
36
36
7F
36
7F
36
36
00
0C
3E
03
1E
30
1F
0C
00
00
63
33
18
0C
66
63
00
1C
36
1C
6E
3B
33
6E
00
06
06
03
00
00
00
00
00
18
0C
06
06
06
0C
18
00
06
0C
18
18
18
0C
06
00
00
66
3C
FF
3C
66
00
00
00
0C
0C
3F
0C
0C
00
00
00
00
00
00
00
0C
0C
06
00
00
00
3F
00
00
00
00
00
00
00
00
00
0C
0C
00
60
30
18
0C
06
03
01
00
3E
63
73
7B
6F
67
3E
00
0C
0E
0C
0C
0C
0C
3F
00
1E
33
30
1C
06
33
3F
00
1E
33
30
1C
30
33
1E
00
38
3C
36
33
7F
30
78
00
3F
03
1F
30
30
33
1E
00
1C
06
03
1F
33
33
1E
00
3F
33
30
18
0C
0C
0C
00
1E
33
33
1E
33
33
1E
00
1E
33
33
3E
30
18
0E
00
00
0C
0C
00
00
0C
0C
00
00
0C
0C
00
00
0C
0C
06
18
0C
06
03
06
0C
18
00
00
00
3F
00
00
3F
00
00
06
0C
18
30
18
0C
06
00
1E
33
30
18
0C
00
0C
00
3E
63
7B
7B
7B
03
1E
00
0C
1E
33
33
3F
33
33
00
3F
66
66
3E
66
66
3F
00
3C
66
03
03
03
66
3C
00
1F
36
66
66
66
36
1F
00
7F
46
16
1E
16
46
7F
00
7F
46
16
1E
16
06
0F
00
3C
66
03
03
73
66
7C
00
33
33
33
3F
33
33
33
00
1E
0C
0C
0C
0C
0C
1E
00
78
30
30
30
33
33
1E
00
67
66
36
1E
36
66
67
00
0F
06
06
06
46
66
7F
00
63
77
7F
7F
6B
63
63
00
63
67
6F
7B
73
63
63
00
1C
36
63
63
63
36
1C
00
3F
66
66
3E
06
06
0F
00
1E
33
33
33
3B
1E
38
00
3F
66
66
3E
36
66
67
00
1E
33
07
0E
38
33
1E
00
3F
2D
0C
0C
0C
0C
1E
00
33
33
33
33
33
33
3F
00
33
33
33
33
33
1E
0C
00
63
63
63
6B
7F
77
63
00
63
63
36
1C
1C
36
63
00
33
33
33
1E
0C
0C
1E
00
7F
63
31
18
4C
66
7F
00
1E
06
06
06
06
06
1E
00
03
06
0C
18
30
60
40
00
1E
18
18
18
18
18
1E
00
08
1C
36
63
00
00
00
00
00
00
00
00
00
00
00
FF
0C
0C
18
00
00
00
00
00
00
00
1E
30
3E
33
6E
00
07
06
06
3E
66
66
3B
00
00
00
1E
33
03
33
1E
00
38
30
30
3e
33
33
6E
00
00
00
1E
33
3f
03
1E
00
1C
36
06
0f
06
06
0F
00
00
00
6E
33
33
3E
30
1F
07
06
36
6E
66
66
67
00
0C
00
0E
0C
0C
0C
1E
00
30
00
30
30
30
33
33
1E
07
06
66
36
1E
36
67
00
0E
0C
0C
0C
0C
0C
1E
00
00
00
33
7F
7F
6B
63
00
00
00
1F
33
33
33
33
00
00
00
1E
33
33
33
1E
00
00
00
3B
66
66
3E
06
0F
00
00
6E
33
33
3E
30
78
00
00
3B
6E
66
06
0F
00
00
00
3E
03
1E
30
1F
00
08
0C
3E
0C
0C
2C
18
00
00
00
33
33
33
33
6E
00
00
00
33
33
33
1E
0C
00
00
00
63
6B
7F
7F
36
00
00
00
63
36
1C
36
63
00
00
00
33
33
33
3E
30
1F
00
00
3F
19
0C
26
3F
00
38
0C
0C
07
0C
0C
38
00
18
18
18
00
18
18
18
00
07
0C
0C
38
0C
0C
07
00
6E
3B
00
00
00
00
00
00
00
00
00
00
00
00
00
00
00
00
00
00
00
00
00
00
00
00
00
00
00
00
00
00
00
00
00
00
00
00
00
00
00
00
00
00
00
00
00
00
00
00
00
00
00
00
00
00
00
00
00
00
00
00
00
00
00
00
00
00
00
00
00
00
00
00
00
00
00
00
00
00
00
00
00
00
00
00
00
00
00
00
00
00
00
00
00
00
00
00
00
00
00
00
00
00
00
00
00
00
00
00
00
00
00
00
00
00
00
00
00
00
00
00
00
00
00
00
00
00
00
00
00
00
00
00
00
00
00
00
00
00
00
00
00
00
00
00
00
00
00
00
00
00
00
00
00
00
00
00
00
00
00
00
00
00
00
00
00
00
00
00
00
00
00
00
00
00
00
00
00
00
00
00
00
00
00
00
00
00
00
00
00
00
00
00
00
00
00
00
00
00
00
00
00
00
00
00
00
00
00
00
00
00
00
00
00
00
00
00
00
00
00
00
00
00
00
00
00
00
00
00
00
00
00
00
00
00
00
00
00
00
00
00
00
00
00
00
00
00
00
00
00
00
00
00
00
00
00
00
00
00
00
00
00
00
00
00
00
00
00
00
00
00
00
00
00
00
00
00
00
00
18
18
00
18
18
18
18
00
18
18
7E
03
03
7E
18
18
1C
36
26
0F
06
67
3F
00
00
00
63
3E
36
3E
63
00
33
33
1E
3F
0C
3F
0C
0C
18
18
18
00
18
18
18
00
7C
C6
1C
36
36
1C
33
1E
33
00
00
00
00
00
00
00
3C
42
99
85
85
99
42
3C
3C
36
36
7C
00
00
00
00
00
CC
66
33
66
CC
00
00
00
00
00
3F
30
30
00
00
00
00
00
00
00
00
00
00
3C
42
9D
A5
9D
A5
42
3C
7E
00
00
00
00
00
00
00
1C
36
36
1C
00
00
00
00
18
18
7E
18
18
00
7E
00
1C
30
18
0C
3C
00
00
00
1C
30
18
30
1C
00
00
00
18
0C
00
00
00
00
00
00
00
00
66
66
66
3E
06
03
FE
DB
DB
DE
D8
D8
D8
00
00
00
00
18
18
00
00
00
00
00
00
00
00
18
30
1E
08
0C
08
1C
00
00
00
00
1C
36
36
1C
00
00
00
00
00
33
66
CC
66
33
00
00
C3
63
33
BD
EC
F6
F3
03
C3
63
33
7B
CC
66
33
F0
03
C4
63
B4
DB
AC
E6
80
0C
00
0C
06
03
33
1E
00
07
00
1C
36
63
7F
63
00
70
00
1C
36
63
7F
63
00
1C
36
00
3E
63
7F
63
00
6E
3B
00
3E
63
7F
63
00
63
1C
36
63
7F
63
63
00
0C
0C
00
1E
33
3F
33
00
7C
36
33
7F
33
33
73
00
1E
33
03
33
1E
18
30
1E
07
00
3F
06
1E
06
3F
00
38
00
3F
06
1E
06
3F
00
0C
12
3F
06
1E
06
3F
00
36
00
3F
06
1E
06
3F
00
07
00
1E
0C
0C
0C
1E
00
38
00
1E
0C
0C
0C
1E
00
0C
12
00
1E
0C
0C
1E
00
33
00
1E
0C
0C
0C
1E
00
3F
66
6F
6F
66
66
3F
00
3F
00
33
37
3F
3B
33
00
0E
00
18
3C
66
3C
18
00
70
00
18
3C
66
3C
18
00
3C
66
18
3C
66
3C
18
00
6E
3B
00
3E
63
63
3E
00
C3
18
3C
66
66
3C
18
00
00
36
1C
08
1C
36
00
00
5C
36
73
7B
6F
36
1D
00
0E
00
66
66
66
66
3C
00
70
00
66
66
66
66
3C
00
3C
66
00
66
66
66
3C
00
33
00
33
33
33
33
1E
00
70
00
66
66
3C
18
18
00
0F
06
3E
66
66
3E
06
0F
00
1E
33
1F
33
1F
03
03
07
00
1E
30
3E
33
7E
00
38
00
1E
30
3E
33
7E
00
7E
C3
3C
60
7C
66
FC
00
6E
3B
1E
30
3E
33
7E
00
33
00
1E
30
3E
33
7E
00
0C
0C
1E
30
3E
33
7E
00
00
00
FE
30
FE
33
FE
00
00
00
1E
03
03
1E
30
1C
07
00
1E
33
3F
03
1E
00
38
00
1E
33
3F
03
1E
00
7E
C3
3C
66
7E
06
3C
00
33
00
1E
33
3F
03
1E
00
07
00
0E
0C
0C
0C
1E
00
1C
00
0E
0C
0C
0C
1E
00
3E
63
1C
18
18
18
3C
00
33
00
0E
0C
0C
0C
1E
00
1B
0E
1B
30
3E
33
1E
00
00
1F
00
1F
33
33
33
00
00
07
00
1E
33
33
1E
00
00
38
00
1E
33
33
1E
00
1E
33
00
1E
33
33
1E
00
6E
3B
00
1E
33
33
1E
00
00
33
00
1E
33
33
1E
00
18
18
00
7E
00
18
18
00
00
60
3C
76
7E
6E
3C
06
00
07
00
33
33
33
7E
00
00
38
00
33
33
33
7E
00
1E
33
00
33
33
33
7E
00
00
33
00
33
33
33
7E
00
00
38
00
33
33
3E
30
1F
00
00
06
3E
66
3E
06
00
00
33
00
33
33
3E
30
1F
